No,Red,Green,Blue,Brightness
1,0.367,0.352,0.281,362
2,0.373,0.35,0.277,378
3,0.378,0.349,0.273,400
4,0.38,0.347,0.273,425
5,0.375,0.348,0.277,407
6,0.364,0.355,0.282,359
7,0.357,0.36,0.283,354
8,0.341,0.367,0.292,337
9,0.337,0.37,0.293,328
10,0.332,0.374,0.294,313
11,0.314,0.38,0.306,271
12,0.314,0.38,0.306,235
13,0.325,0.37,0.305,196
14,0.343,0.371,0.287,174
15,0.363,0.374,0.263,170
16,0.393,0.358,0.249,169
17,0.413,0.358,0.229,176
18,0.438,0.346,0.216,179
19,0.45,0.343,0.207,165
20,0.459,0.342,0.199,145
21,0.462,0.345,0.193,142
22,0.462,0.343,0.196,142
23,0.462,0.345,0.193,146
24,0.466,0.345,0.189,149
25,0.464,0.346,0.19,156
26,0.462,0.348,0.19,160
27,0.463,0.348,0.189,165
28,0.462,0.349,0.189,168
29,0.465,0.347,0.188,168
30,0.471,0.343,0.186,171
31,0.468,0.345,0.187,169
32,0.47,0.343,0.187,165
33,0.467,0.343,0.189,166
34,0.473,0.339,0.188,161
35,0.468,0.34,0.192,153
36,0.47,0.338,0.192,147
37,0.461,0.338,0.201,151
38,0.452,0.342,0.206,154
39,0.433,0.348,0.22,160
40,0.408,0.354,0.238,139
41,0.372,0.372,0.256,112
42,0.343,0.389,0.269,97
43,0.327,0.396,0.277,90
44,0.33,0.394,0.275,99
45,0.341,0.388,0.271,121
46,0.411,0.366,0.223,113
47,0.427,0.359,0.214,105
48,0.425,0.349,0.226,108
49,0.414,0.353,0.233,118
50,0.415,0.35,0.236,124
51,0.417,0.35,0.233,120
52,0.42,0.353,0.227,120
53,0.417,0.348,0.235,115
54,0.414,0.351,0.234,112
55,0.415,0.356,0.229,120
56,0.409,0.356,0.235,133
57,0.403,0.356,0.242,150
58,0.391,0.356,0.253,175
59,0.358,0.377,0.265,213
60,0.365,0.374,0.26,218
61,0.369,0.369,0.261,219
62,0.374,0.37,0.256,217
63,0.373,0.368,0.259,219
64,0.376,0.367,0.258,220
65,0.377,0.363,0.26,212
66,0.378,0.364,0.258,205
67,0.375,0.365,0.26,203
68,0.371,0.365,0.264,194
69,0.371,0.371,0.258,188
70,0.37,0.37,0.261,179
71,0.367,0.367,0.266,171
72,0.362,0.368,0.27,168
73,0.372,0.367,0.261,171
74,0.371,0.371,0.258,175
75,0.37,0.37,0.261,171
76,0.37,0.37,0.26,159
77,0.369,0.369,0.261,144
78,0.366,0.372,0.262,131
79,0.371,0.364,0.264,127
80,0.383,0.362,0.255,132
81,0.392,0.357,0.252,137
82,0.405,0.351,0.243,141
83,0.408,0.349,0.243,146
84,0.418,0.346,0.235,149
85,0.43,0.342,0.228,156
86,0.428,0.346,0.226,157
87,0.43,0.342,0.228,157
88,0.424,0.345,0.23,161
89,0.424,0.347,0.229,165
90,0.416,0.348,0.236,171
91,0.419,0.346,0.235,177
92,0.425,0.345,0.23,174
93,0.417,0.35,0.233,180
94,0.426,0.344,0.231,195
95,0.427,0.345,0.228,203
96,0.436,0.339,0.225,211
97,0.435,0.339,0.226,227
98,0.435,0.339,0.226,228
99,0.439,0.339,0.222,208
100,0.435,0.343,0.222,191
101,0.433,0.343,0.224,193
102,0.43,0.341,0.229,198
103,0.417,0.349,0.234,204
104,0.416,0.349,0.235,223
105,0.414,0.35,0.236,227
106,0.411,0.349,0.241,233
107,0.414,0.351,0.234,228
108,0.423,0.35,0.226,216
109,0.425,0.348,0.227,224
110,0.426,0.348,0.227,231
111,0.425,0.347,0.228,233
112,0.42,0.351,0.229,231
113,0.424,0.346,0.23,229
114,0.418,0.349,0.233,225
115,0.406,0.355,0.239,227
116,0.407,0.357,0.236,241
117,0.412,0.357,0.232,253
118,0.414,0.354,0.232,265
119,0.421,0.352,0.227,280
120,0.424,0.35,0.225,286
121,0.426,0.348,0.226,292
122,0.429,0.345,0.226,265
123,0.428,0.346,0.227,245
124,0.421,0.347,0.232,233
125,0.418,0.347,0.235,226
126,0.417,0.346,0.236,229
127,0.413,0.348,0.239,236
128,0.415,0.352,0.232,256
129,0.412,0.35,0.238,249
130,0.403,0.358,0.239,243
131,0.398,0.36,0.242,241
132,0.388,0.359,0.253,217
133,0.388,0.361,0.251,211
134,0.384,0.362,0.253,212
135,0.381,0.363,0.257,210
136,0.38,0.361,0.26,195
137,0.383,0.358,0.259,187
138,0.39,0.357,0.252,190
139,0.39,0.357,0.252,192
140,0.376,0.361,0.262,186
141,0.376,0.366,0.259,189
142,0.377,0.363,0.26,190
143,0.376,0.362,0.262,197
144,0.385,0.358,0.257,207
145,0.391,0.357,0.252,218
146,0.395,0.358,0.247,231
147,0.398,0.354,0.248,240
148,0.4,0.352,0.248,238
149,0.402,0.349,0.249,238
150,0.41,0.346,0.244,218
151,0.408,0.345,0.247,206
152,0.4,0.351,0.249,195
153,0.399,0.348,0.253,190
154,0.399,0.35,0.251,175
155,0.389,0.352,0.259,158
156,0.394,0.35,0.255,132
157,0.4,0.348,0.252,126
158,0.407,0.35,0.243,131
159,0.407,0.347,0.247,144
160,0.4,0.35,0.25,157
161,0.408,0.346,0.246,177
162,0.418,0.342,0.24,197
163,0.416,0.345,0.239,197
164,0.42,0.345,0.235,205
165,0.421,0.348,0.231,226
166,0.423,0.349,0.228,247
167,0.428,0.343,0.229,280
168,0.441,0.337,0.222,324
169,0.45,0.338,0.212,371
170,0.458,0.337,0.205,406
171,0.46,0.336,0.203,426
172,0.463,0.336,0.201,421
173,0.466,0.331,0.203,423
174,0.466,0.331,0.203,431
175,0.462,0.333,0.206,437
176,0.452,0.34,0.207,451
177,0.445,0.344,0.211,435
178,0.436,0.348,0.217,400
179,0.428,0.353,0.219,384
180,0.43,0.35,0.22,373
181,0.432,0.348,0.22,377
182,0.427,0.35,0.223,385
183,0.429,0.346,0.226,354
184,0.43,0.343,0.227,339
185,0.438,0.339,0.223,346
186,0.438,0.339,0.223,354
187,0.436,0.339,0.225,355
188,0.431,0.346,0.223,367
189,0.429,0.35,0.222,404
190,0.428,0.35,0.222,430
191,0.428,0.352,0.221,465
192,0.432,0.35,0.218,507
193,0.442,0.348,0.21,516
194,0.449,0.345,0.206,518
195,0.449,0.344,0.207,529
196,0.447,0.346,0.207,500
197,0.449,0.344,0.207,458
198,0.45,0.343,0.207,453
199,0.454,0.341,0.205,455
200,0.453,0.341,0.207,463
201,0.439,0.349,0.212,498
202,0.433,0.353,0.214,523
203,0.429,0.357,0.214,452
204,0.443,0.35,0.207,494
205,0.453,0.345,0.202,540
206,0.457,0.345,0.198,573
207,0.455,0.346,0.199,613
208,0.456,0.345,0.199,621
209,0.467,0.336,0.197,617
210,0.471,0.331,0.198,617
211,0.467,0.333,0.199,632
212,0.459,0.338,0.203,701
213,0.456,0.34,0.204,733
214,0.457,0.34,0.203,740
215,0.463,0.339,0.198,711
216,0.466,0.336,0.198,681
217,0.467,0.334,0.199,657
218,0.467,0.335,0.197,641
219,0.466,0.334,0.201,613
220,0.464,0.336,0.2,531
221,0.461,0.334,0.205,524
222,0.458,0.336,0.206,532
223,0.444,0.347,0.208,546
224,0.437,0.353,0.21,568
225,0.438,0.351,0.211,564
226,0.443,0.348,0.209,527
227,0.452,0.342,0.207,497
228,0.454,0.341,0.205,482
229,0.453,0.342,0.205,509
230,0.451,0.344,0.205,519
231,0.447,0.347,0.206,509
232,0.448,0.347,0.205,512
233,0.456,0.338,0.206,513
234,0.461,0.333,0.206,487
235,0.46,0.333,0.206,471
236,0.458,0.333,0.208,449
237,0.462,0.334,0.204,449
238,0.461,0.333,0.206,399
239,0.453,0.336,0.211,342
240,0.443,0.336,0.221,309
241,0.421,0.345,0.234,276
242,0.421,0.343,0.236,280
243,0.425,0.344,0.231,298
244,0.433,0.343,0.225,309
245,0.446,0.338,0.216,317
246,0.455,0.331,0.214,305
247,0.453,0.33,0.218,292
248,0.452,0.332,0.216,290
249,0.454,0.331,0.215,292
250,0.454,0.333,0.213,328
251,0.455,0.334,0.211,345
252,0.455,0.336,0.209,339
253,0.453,0.335,0.211,345
254,0.458,0.335,0.207,344
255,0.458,0.333,0.209,327
256,0.459,0.334,0.206,324
257,0.46,0.334,0.206,294
258,0.452,0.335,0.213,268
259,0.451,0.333,0.216,260
260,0.445,0.336,0.219,252
261,0.441,0.336,0.223,245
262,0.435,0.339,0.226,242
263,0.429,0.344,0.227,262
264,0.435,0.344,0.221,269
265,0.441,0.339,0.22,266
266,0.447,0.337,0.216,263
267,0.446,0.339,0.214,284
268,0.447,0.342,0.211,310
269,0.445,0.341,0.214,315
270,0.448,0.339,0.213,321
271,0.453,0.339,0.208,323
272,0.452,0.338,0.209,321
273,0.45,0.338,0.212,309
274,0.445,0.341,0.215,317
275,0.444,0.341,0.215,332
276,0.444,0.341,0.215,309
277,0.445,0.338,0.217,283
278,0.447,0.341,0.212,291
279,0.45,0.342,0.208,305
280,0.448,0.341,0.211,291
281,0.447,0.341,0.212,287
282,0.447,0.343,0.21,284
283,0.443,0.344,0.213,274
284,0.439,0.343,0.218,277
285,0.438,0.345,0.217,283
286,0.431,0.35,0.219,272
287,0.432,0.349,0.219,320
288,0.435,0.349,0.216,368
289,0.44,0.348,0.211,386
290,0.443,0.351,0.206,433
291,0.447,0.348,0.205,444
292,0.449,0.346,0.205,422
293,0.452,0.341,0.207,407
294,0.45,0.34,0.21,390
295,0.45,0.34,0.21,394
296,0.446,0.344,0.21,407
297,0.446,0.345,0.209,403
298,0.444,0.346,0.211,379
299,0.445,0.344,0.211,369
300,0.445,0.344,0.211,361
301,0.441,0.346,0.213,339
302,0.434,0.348,0.218,298
303,0.431,0.347,0.223,261
304,0.429,0.34,0.231,228
305,0.423,0.342,0.234,218
306,0.417,0.348,0.235,231
307,0.41,0.354,0.236,232
308,0.417,0.35,0.233,213
309,0.421,0.349,0.231,204
310,0.424,0.346,0.23,199
311,0.421,0.35,0.228,203
312,0.42,0.352,0.228,202
313,0.416,0.358,0.225,181
314,0.425,0.352,0.223,186
315,0.43,0.349,0.22,188
316,0.443,0.344,0.213,182
317,0.444,0.343,0.213,177
318,0.443,0.341,0.216,167
319,0.443,0.342,0.215,159
320,0.444,0.34,0.216,153
321,0.442,0.34,0.218,155
322,0.441,0.338,0.221,135
323,0.433,0.342,0.225,121
324,0.435,0.339,0.226,116
325,0.437,0.336,0.227,121
326,0.435,0.344,0.221,132
327,0.427,0.347,0.226,126
328,0.427,0.345,0.227,113
329,0.432,0.342,0.225,112
330,0.43,0.346,0.224,109
331,0.429,0.343,0.229,107
332,0.423,0.346,0.231,107
333,0.423,0.346,0.231,107
334,0.431,0.339,0.229,110
335,0.434,0.345,0.221,113
336,0.433,0.342,0.225,119
337,0.431,0.345,0.224,116
338,0.43,0.342,0.228,113
339,0.432,0.339,0.229,116
340,0.435,0.339,0.226,122
341,0.44,0.336,0.224,124
342,0.44,0.343,0.216,131
343,0.444,0.34,0.215,142
344,0.441,0.338,0.221,142
345,0.437,0.341,0.222,132
346,0.437,0.341,0.222,124
347,0.431,0.341,0.228,121
348,0.429,0.339,0.232,111
349,0.427,0.34,0.233,103
350,0.422,0.343,0.235,101
351,0.427,0.34,0.233,103
352,0.434,0.34,0.226,106
353,0.423,0.351,0.225,110
354,0.42,0.357,0.223,111
355,0.416,0.354,0.23,112
356,0.41,0.352,0.238,105
357,0.413,0.356,0.231,104
358,0.418,0.355,0.227,110
359,0.422,0.353,0.224,115
360,0.419,0.35,0.231,116
361,0.419,0.35,0.231,118
362,0.425,0.346,0.228,128
363,0.433,0.339,0.228,126
364,0.422,0.345,0.233,117
365,0.404,0.356,0.24,107
366,0.402,0.355,0.243,109
367,0.396,0.356,0.248,103
368,0.41,0.35,0.24,101
369,0.42,0.348,0.232,112
370,0.416,0.345,0.239,113
371,0.415,0.349,0.236,107
372,0.413,0.346,0.24,104
373,0.431,0.339,0.229,109
374,0.429,0.339,0.232,111
375,0.422,0.339,0.239,109
376,0.42,0.348,0.232,112
377,0.417,0.348,0.235,115
378,0.417,0.348,0.235,116
379,0.419,0.342,0.239,118
380,0.423,0.341,0.236,124
381,0.425,0.343,0.231,135
382,0.429,0.343,0.229,141
383,0.428,0.341,0.232,137
384,0.431,0.336,0.234,136
385,0.437,0.333,0.23,135
386,0.432,0.333,0.235,132
387,0.431,0.338,0.231,130
388,0.421,0.349,0.23,125
389,0.415,0.347,0.237,118
390,0.406,0.349,0.245,107
391,0.414,0.354,0.232,99
392,0.411,0.355,0.234,106
393,0.416,0.354,0.23,110
394,0.413,0.358,0.229,108
395,0.417,0.359,0.223,103
396,0.426,0.352,0.222,106
397,0.436,0.345,0.218,111
398,0.435,0.343,0.222,108
399,0.438,0.343,0.219,106
400,0.439,0.346,0.215,107
401,0.431,0.349,0.22,107
402,0.434,0.349,0.217,104
403,0.435,0.352,0.213,106
404,0.443,0.349,0.208,105
405,0.437,0.35,0.214,101
406,0.436,0.351,0.213,93
407,0.44,0.352,0.209,91
408,0.44,0.352,0.209,91
409,0.433,0.356,0.211,89
410,0.442,0.349,0.209,85
411,0.447,0.353,0.2,84
412,0.447,0.353,0.2,84
413,0.444,0.356,0.2,89
414,0.44,0.363,0.198,90
415,0.448,0.354,0.198,94
416,0.45,0.36,0.19,99
417,0.451,0.353,0.196,100
418,0.452,0.356,0.192,102
419,0.453,0.358,0.189,105
420,0.455,0.355,0.191,108
421,0.46,0.354,0.186,109
422,0.46,0.354,0.186,108
423,0.452,0.357,0.191,111
424,0.455,0.358,0.187,119
425,0.448,0.36,0.192,121
426,0.452,0.357,0.19,122
427,0.449,0.362,0.189,123
428,0.456,0.352,0.192,118
429,0.452,0.348,0.2,108
430,0.444,0.352,0.204,103
431,0.431,0.353,0.216,98
432,0.429,0.352,0.22,88
433,0.432,0.358,0.211,91
434,0.434,0.354,0.212,94
435,0.43,0.35,0.22,95
436,0.426,0.356,0.218,96
437,0.427,0.359,0.214,98
438,0.423,0.356,0.221,99
439,0.42,0.36,0.22,97
440,0.421,0.358,0.221,93
441,0.426,0.356,0.218,98
442,0.425,0.358,0.217,103
443,0.422,0.358,0.22,104
444,0.431,0.353,0.216,110
445,0.437,0.349,0.214,119
446,0.434,0.349,0.217,123
447,0.435,0.347,0.218,119
448,0.426,0.352,0.221,116
449,0.425,0.35,0.225,115
450,0.422,0.353,0.224,111
451,0.411,0.355,0.234,102
452,0.407,0.361,0.231,103
453,0.404,0.358,0.239,105
454,0.402,0.355,0.243,103
455,0.398,0.359,0.243,100
456,0.4,0.362,0.238,102
457,0.396,0.36,0.243,107
458,0.405,0.36,0.234,107
459,0.405,0.36,0.234,106
460,0.405,0.362,0.233,110
461,0.402,0.359,0.239,111
462,0.4,0.364,0.236,106
463,0.398,0.363,0.239,106
464,0.398,0.364,0.237,111
465,0.398,0.364,0.237,112
466,0.403,0.361,0.235,112
467,0.405,0.365,0.23,119
468,0.4,0.363,0.237,129
469,0.407,0.357,0.236,132
470,0.404,0.36,0.235,129
471,0.4,0.363,0.237,127
472,0.392,0.362,0.246,122
473,0.381,0.364,0.254,111
474,0.372,0.372,0.257,105
475,0.363,0.372,0.265,103
476,0.355,0.382,0.264,100
477,0.346,0.385,0.269,94
478,0.358,0.379,0.263,85
479,0.378,0.367,0.256,80
480,0.374,0.374,0.253,81
481,0.362,0.383,0.255,81
482,0.343,0.39,0.267,85
483,0.342,0.387,0.27,89
484,0.348,0.384,0.268,88
485,0.353,0.379,0.267,92
486,0.35,0.382,0.268,96
487,0.354,0.378,0.268,99
488,0.347,0.379,0.274,96
489,0.346,0.386,0.268,97
490,0.344,0.383,0.273,99
491,0.362,0.371,0.267,96
492,0.356,0.373,0.271,97
493,0.346,0.376,0.278,104
494,0.347,0.375,0.278,112
495,0.354,0.374,0.272,117
496,0.356,0.37,0.274,117
497,0.358,0.371,0.272,121
498,0.359,0.365,0.276,126
499,0.355,0.368,0.277,125
500,0.344,0.37,0.286,122
501,0.333,0.372,0.295,122
502,0.327,0.372,0.301,122
503,0.318,0.377,0.305,121
504,0.312,0.383,0.305,123
505,0.31,0.38,0.31,128
506,0.297,0.388,0.315,137
507,0.297,0.388,0.315,140
508,0.293,0.389,0.317,145
509,0.29,0.392,0.318,157
510,0.286,0.39,0.324,166
511,0.279,0.389,0.332,175
512,0.284,0.387,0.328,189
513,0.29,0.38,0.33,206
514,0.291,0.372,0.336,208
515,0.277,0.373,0.35,200
516,0.264,0.375,0.361,190
517,0.25,0.373,0.377,191
518,0.237,0.374,0.388,190
519,0.236,0.38,0.384,189
520,0.227,0.393,0.38,202
521,0.221,0.398,0.382,227
522,0.223,0.404,0.373,244
523,0.223,0.418,0.359,262
524,0.224,0.427,0.349,289
525,0.228,0.427,0.345,306
526,0.229,0.431,0.34,308
527,0.232,0.435,0.333,319
528,0.233,0.436,0.331,341
529,0.235,0.432,0.333,350
530,0.244,0.431,0.325,352
531,0.246,0.431,0.323,354
532,0.25,0.427,0.323,366
533,0.248,0.431,0.322,364
534,0.249,0.432,0.319,350
535,0.254,0.428,0.318,353
536,0.26,0.422,0.318,365
537,0.258,0.424,0.318,354
538,0.259,0.424,0.317,348
539,0.259,0.427,0.314,356
540,0.259,0.422,0.318,358
541,0.255,0.427,0.317,357
542,0.254,0.429,0.317,351
543,0.254,0.428,0.318,359
544,0.253,0.427,0.319,360
545,0.255,0.427,0.318,344
546,0.253,0.429,0.318,336
547,0.255,0.427,0.318,341
548,0.255,0.427,0.319,333
549,0.251,0.43,0.319,314
550,0.254,0.429,0.317,308
551,0.259,0.426,0.315,309
552,0.257,0.425,0.318,295
553,0.257,0.427,0.316,277
554,0.254,0.428,0.318,271
555,0.254,0.425,0.321,271
556,0.253,0.426,0.322,261
557,0.258,0.425,0.316,249
558,0.262,0.423,0.315,255
559,0.266,0.416,0.317,268
560,0.275,0.412,0.313,268
561,0.285,0.409,0.306,259
562,0.288,0.406,0.306,258
563,0.282,0.405,0.313,246
564,0.283,0.404,0.312,226
565,0.286,0.401,0.313,214
566,0.288,0.403,0.31,215
567,0.286,0.401,0.313,205
568,0.286,0.399,0.315,193
569,0.287,0.4,0.313,186
570,0.283,0.403,0.314,184
571,0.283,0.406,0.311,174
572,0.291,0.402,0.307,171
573,0.297,0.401,0.302,174
574,0.298,0.399,0.303,181
575,0.298,0.399,0.303,179
576,0.303,0.4,0.297,176
577,0.309,0.398,0.293,183
578,0.313,0.393,0.294,191
579,0.319,0.392,0.289,192
580,0.325,0.389,0.286,191
581,0.322,0.392,0.286,185
582,0.321,0.395,0.284,174
583,0.322,0.4,0.278,164
584,0.324,0.397,0.279,162
585,0.32,0.4,0.28,157
586,0.317,0.407,0.275,150
587,0.321,0.407,0.272,145
588,0.32,0.402,0.278,149
589,0.315,0.407,0.278,143
590,0.318,0.409,0.273,136
591,0.32,0.405,0.275,136
592,0.322,0.403,0.275,134
593,0.322,0.404,0.274,129
594,0.326,0.404,0.27,125
595,0.329,0.406,0.266,127
596,0.329,0.399,0.273,126
597,0.324,0.403,0.273,121
598,0.326,0.407,0.267,119
599,0.326,0.403,0.271,125
600,0.324,0.401,0.275,124
601,0.326,0.406,0.268,120
602,0.331,0.403,0.266,120
603,0.326,0.403,0.271,125
604,0.331,0.401,0.268,123
605,0.353,0.395,0.252,104
606,0.358,0.39,0.252,107
607,0.353,0.388,0.259,101
608,0.356,0.386,0.257,89
609,0.356,0.4,0.244,81
610,0.338,0.405,0.257,67
611,0.333,0.409,0.258,60
612,0.322,0.424,0.254,52
613,0.304,0.446,0.25,49
614,0.293,0.448,0.259,50
615,0.311,0.426,0.262,54
616,0.313,0.418,0.269,59
617,0.315,0.425,0.26,64
618,0.316,0.421,0.263,66
619,0.316,0.421,0.263,67
620,0.32,0.427,0.253,65
621,0.326,0.419,0.256,70
622,0.314,0.419,0.267,64
623,0.312,0.416,0.273,54
624,0.315,0.425,0.26,50
625,0.32,0.413,0.267,51
626,0.304,0.42,0.275,46
627,0.314,0.414,0.271,47
628,0.329,0.408,0.263,53
629,0.316,0.418,0.266,53
630,0.307,0.427,0.267,51
631,0.316,0.421,0.263,52
632,0.316,0.421,0.263,52
633,0.3,0.429,0.271,46
634,0.29,0.435,0.274,40
635,0.293,0.431,0.276,37
636,0.3,0.433,0.267,38
637,0.328,0.406,0.266,44
638,0.349,0.397,0.254,46
639,0.39,0.373,0.237,47
640,0.442,0.346,0.212,47
641,0.449,0.347,0.204,45
642,0.431,0.353,0.216,46
643,0.444,0.352,0.204,49
644,0.439,0.351,0.211,51
645,0.429,0.357,0.214,50
646,0.44,0.36,0.2,47
647,0.437,0.354,0.208,43
648,0.432,0.364,0.205,39
649,0.45,0.35,0.2,37
650,0.475,0.35,0.175,38
651,0.488,0.349,0.163,41
652,0.478,0.348,0.174,43
653,0.478,0.348,0.174,43
654,0.489,0.34,0.17,43
655,0.489,0.34,0.17,45
656,0.489,0.34,0.17,44
657,0.489,0.333,0.178,43
658,0.478,0.348,0.174,44
659,0.478,0.348,0.174,44
660,0.478,0.348,0.174,44
661,0.467,0.356,0.178,44
662,0.465,0.372,0.163,42
663,0.476,0.357,0.167,41
664,0.472,0.361,0.167,34
665,0.452,0.387,0.161,29
666,0.459,0.378,0.162,34
667,0.469,0.367,0.163,47
668,0.481,0.352,0.167,52
669,0.482,0.357,0.161,55
670,0.483,0.345,0.172,57
671,0.491,0.345,0.164,55
672,0.491,0.34,0.17,52
673,0.491,0.34,0.17,52
674,0.491,0.345,0.164,52
675,0.491,0.34,0.17,51
676,0.49,0.333,0.176,48
677,0.491,0.34,0.17,50
678,0.491,0.34,0.17,50
679,0.5,0.333,0.167,46
680,0.5,0.326,0.174,43
681,0.5,0.326,0.174,42
682,0.5,0.333,0.167,40
683,0.486,0.324,0.189,35
684,0.5,0.324,0.176,31
685,0.484,0.323,0.194,29
686,0.481,0.333,0.185,26
687,0.48,0.32,0.2,23
688,0.5,0.318,0.182,21
689,0.5,0.318,0.182,21
690,0.5,0.3,0.2,19
691,0.5,0.333,0.167,18
692,0.526,0.316,0.158,18
693,0.526,0.316,0.158,18
694,0.5,0.333,0.167,18
695,0.5,0.333,0.167,17
696,0.5,0.3,0.2,18
697,0.474,0.316,0.211,18
698,0.5,0.333,0.167,17
699,0.5,0.333,0.167,16
700,0.5,0.333,0.167,16
701,0.529,0.294,0.176,16
702,0.5,0.312,0.187,15
703,0.5,0.312,0.187,15
704,0.5,0.312,0.187,16
705,0.5,0.312,0.187,15
706,0.5,0.312,0.187,14
707,0.467,0.333,0.2,14
708,0.467,0.333,0.2,14
709,0.5,0.333,0.167,11
710,0.5,0.333,0.167,11
711,0.5,0.357,0.143,13
712,0.5,0.357,0.143,14
713,0.5,0.357,0.143,13
714,0.5,0.357,0.143,13
715,0.5,0.357,0.143,13
716,0.5,0.357,0.143,12
717,0.5,0.333,0.167,11
718,0.5,0.333,0.167,11
719,0.5,0.333,0.167,11
720,0.5,0.333,0.167,11
721,0.5,0.333,0.167,11
722,0.5,0.333,0.167,11
723,0.5,0.333,0.167,11
724,0.5,0.333,0.167,11
725,0.462,0.385,0.154,12
726,0.5,0.357,0.143,13
727,0.533,0.333,0.133,14
728,0.533,0.333,0.133,14
729,0.5,0.375,0.125,15
730,0.471,0.353,0.176,15
731,0.5,0.375,0.125,15
732,0.533,0.333,0.133,14
733,0.5,0.357,0.143,13
734,0.533,0.333,0.133,14
735,0.533,0.333,0.133,14
736,0.5,0.375,0.125,15
737,0.474,0.368,0.158,17
738,0.5,0.364,0.136,20
739,0.5,0.364,0.136,21
740,0.5,0.346,0.154,25
741,0.5,0.344,0.156,30
742,0.486,0.343,0.171,33
743,0.486,0.351,0.162,35
744,0.475,0.375,0.15,38
745,0.477,0.364,0.159,43
746,0.479,0.354,0.167,45
747,0.481,0.365,0.154,49
748,0.483,0.367,0.15,57
749,0.485,0.364,0.152,62
750,0.479,0.356,0.164,71
751,0.48,0.357,0.163,94
752,0.491,0.345,0.164,109
753,0.491,0.345,0.164,105
754,0.487,0.345,0.168,101
755,0.487,0.35,0.162,106
756,0.48,0.352,0.168,112
757,0.488,0.346,0.165,113
758,0.485,0.354,0.162,115
759,0.479,0.359,0.162,127
760,0.481,0.357,0.162,139
761,0.484,0.35,0.166,144
762,0.478,0.35,0.172,145
763,0.472,0.346,0.182,152
764,0.47,0.345,0.185,163
765,0.473,0.345,0.182,158
766,0.472,0.348,0.18,155
767,0.477,0.349,0.174,163
768,0.47,0.357,0.173,160
769,0.466,0.363,0.171,139
770,0.455,0.374,0.171,118
771,0.459,0.368,0.173,129
772,0.471,0.359,0.17,148
773,0.477,0.358,0.166,146
774,0.475,0.36,0.165,136
775,0.465,0.364,0.171,127
776,0.472,0.36,0.168,123
777,0.477,0.359,0.164,126
778,0.475,0.36,0.165,136
779,0.47,0.362,0.168,147
780,0.474,0.357,0.169,152
781,0.475,0.352,0.173,158
782,0.475,0.352,0.173,160
783,0.47,0.357,0.173,165
784,0.469,0.356,0.175,171
785,0.464,0.359,0.177,177
786,0.468,0.353,0.179,186
787,0.468,0.351,0.181,185
788,0.46,0.358,0.182,174
789,0.444,0.368,0.188,137
790,0.446,0.375,0.179,56
791,0.441,0.373,0.186,58
792,0.419,0.395,0.186,43
793,0.46,0.368,0.172,82
794,0.472,0.361,0.167,103
795,0.478,0.354,0.168,110
796,0.479,0.35,0.171,115
797,0.472,0.352,0.176,125
798,0.466,0.351,0.183,134
799,0.461,0.352,0.187,133
800,0.462,0.359,0.179,122
801,0.463,0.355,0.182,125
802,0.464,0.352,0.184,129
803,0.466,0.356,0.178,123
804,0.464,0.357,0.179,116
805,0.469,0.354,0.177,117
806,0.463,0.355,0.182,125
807,0.453,0.36,0.187,146
808,0.45,0.357,0.193,180
809,0.455,0.348,0.197,208
810,0.454,0.349,0.197,225
811,0.45,0.354,0.197,234
812,0.453,0.351,0.196,250
813,0.457,0.347,0.196,249
814,0.459,0.346,0.195,231
815,0.458,0.348,0.194,229
816,0.457,0.348,0.195,225
817,0.462,0.346,0.192,213
818,0.463,0.346,0.19,210
819,0.461,0.35,0.189,210
820,0.459,0.349,0.191,215
821,0.457,0.351,0.192,216
822,0.453,0.353,0.194,209
823,0.453,0.358,0.189,196
824,0.459,0.357,0.184,190
825,0.452,0.362,0.186,193
826,0.45,0.351,0.198,229
827,0.448,0.348,0.204,257
828,0.45,0.349,0.201,256
829,0.45,0.346,0.204,248
830,0.447,0.35,0.203,245
831,0.451,0.35,0.198,245
832,0.457,0.348,0.196,238
833,0.456,0.35,0.194,226
834,0.451,0.358,0.191,213
835,0.451,0.358,0.192,202
836,0.454,0.351,0.195,195
837,0.447,0.359,0.194,180
838,0.447,0.355,0.197,162
839,0.441,0.357,0.203,155
840,0.443,0.357,0.2,149
841,0.439,0.356,0.205,141
842,0.441,0.354,0.205,134
843,0.446,0.355,0.198,128
844,0.445,0.353,0.202,127
845,0.44,0.353,0.207,122
846,0.445,0.353,0.202,127
847,0.447,0.35,0.203,131
848,0.448,0.352,0.2,133
849,0.444,0.353,0.203,143
850,0.442,0.351,0.208,165
851,0.44,0.351,0.209,201
852,0.438,0.35,0.212,227
853,0.437,0.353,0.21,235
854,0.441,0.352,0.207,237
855,0.439,0.352,0.209,240
856,0.439,0.351,0.211,238
857,0.434,0.353,0.213,231
858,0.435,0.35,0.215,226
859,0.432,0.35,0.218,219
860,0.423,0.354,0.222,200
861,0.424,0.349,0.227,183
862,0.422,0.348,0.23,171
863,0.427,0.34,0.233,161
864,0.427,0.343,0.231,154
865,0.424,0.338,0.237,151
866,0.429,0.338,0.233,146
867,0.434,0.341,0.225,141
868,0.435,0.344,0.221,144
869,0.431,0.35,0.219,150
870,0.435,0.348,0.217,150
871,0.433,0.355,0.213,153
872,0.431,0.358,0.212,149
873,0.432,0.36,0.209,152
874,0.437,0.359,0.204,156
875,0.441,0.357,0.203,155
876,0.439,0.356,0.205,144
877,0.454,0.353,0.193,129
878,0.459,0.342,0.198,121
879,0.457,0.343,0.2,114
880,0.464,0.34,0.196,107
881,0.465,0.337,0.198,109
882,0.465,0.337,0.198,109
883,0.465,0.347,0.188,108
884,0.459,0.349,0.193,118
885,0.458,0.347,0.195,129
886,0.455,0.35,0.195,133
887,0.46,0.349,0.19,134
888,0.462,0.346,0.192,137
889,0.459,0.348,0.193,143
890,0.456,0.346,0.199,145
891,0.456,0.346,0.199,144
892,0.452,0.348,0.2,144
893,0.446,0.354,0.2,140
894,0.443,0.352,0.205,133
895,0.437,0.357,0.205,122
896,0.438,0.352,0.21,115
897,0.435,0.352,0.213,115
898,0.432,0.351,0.216,119
899,0.432,0.356,0.212,125
900,0.433,0.355,0.213,148
901,0.425,0.359,0.215,187
902,0.431,0.358,0.211,224
903,0.44,0.354,0.205,263
904,0.438,0.352,0.21,262
905,0.432,0.352,0.216,217
906,0.43,0.349,0.221,179
907,0.433,0.347,0.22,157
908,0.436,0.343,0.221,146
909,0.444,0.341,0.214,133
910,0.45,0.339,0.211,118
911,0.448,0.344,0.208,106
912,0.449,0.347,0.204,109
913,0.446,0.347,0.208,111
914,0.44,0.358,0.202,119
915,0.442,0.358,0.2,128
916,0.443,0.361,0.197,130
917,0.441,0.364,0.195,123
918,0.44,0.362,0.198,120
919,0.435,0.365,0.2,120
920,0.437,0.363,0.2,141
921,0.43,0.366,0.203,181
922,0.435,0.36,0.206,221
923,0.439,0.356,0.205,240
924,0.444,0.35,0.206,239
925,0.444,0.35,0.206,222
926,0.438,0.348,0.214,205
927,0.435,0.348,0.217,191
928,0.429,0.357,0.214,173
929,0.438,0.353,0.209,159
930,0.443,0.357,0.2,149
931,0.45,0.35,0.2,149
932,0.453,0.353,0.194,151
933,0.456,0.353,0.191,146
934,0.456,0.352,0.192,135
935,0.449,0.356,0.195,126
936,0.452,0.357,0.191,123
937,0.445,0.355,0.2,118
938,0.441,0.354,0.205,138
939,0.442,0.354,0.204,157
940,0.446,0.351,0.203,159
941,0.453,0.346,0.201,168
942,0.453,0.346,0.201,166
943,0.457,0.341,0.201,169
944,0.455,0.341,0.204,174
945,0.46,0.342,0.198,192
946,0.461,0.34,0.199,210
947,0.463,0.339,0.197,222
948,0.463,0.339,0.197,221
949,0.466,0.338,0.196,221
950,0.466,0.338,0.196,222
951,0.466,0.337,0.197,214
952,0.463,0.338,0.199,205
953,0.468,0.335,0.197,206
954,0.467,0.333,0.2,199
955,0.468,0.333,0.199,175
956,0.471,0.333,0.196,156
957,0.473,0.331,0.196,151
958,0.474,0.333,0.192,156
959,0.474,0.333,0.192,160
960,0.471,0.338,0.191,161
961,0.471,0.338,0.191,162
962,0.47,0.338,0.192,156
963,0.472,0.338,0.19,146
964,0.477,0.336,0.187,133
965,0.467,0.342,0.192,125
966,0.471,0.336,0.193,124
967,0.464,0.339,0.196,119
968,0.47,0.339,0.191,121
969,0.476,0.333,0.19,130
970,0.469,0.338,0.192,132
971,0.477,0.338,0.185,130
972,0.481,0.333,0.185,134
973,0.474,0.333,0.193,136
974,0.474,0.331,0.195,135
975,0.472,0.338,0.19,145
976,0.464,0.341,0.196,143
977,0.465,0.338,0.197,146
978,0.468,0.338,0.195,157
979,0.467,0.34,0.193,155
980,0.46,0.345,0.194,145
981,0.46,0.343,0.197,141
982,0.464,0.341,0.196,140
983,0.468,0.34,0.192,156
984,0.468,0.339,0.193,169
985,0.465,0.338,0.197,160
986,0.467,0.336,0.197,155
987,0.465,0.338,0.197,162
988,0.463,0.34,0.198,165
989,0.458,0.34,0.203,162
990,0.455,0.345,0.2,154
991,0.45,0.349,0.201,158
992,0.445,0.349,0.205,155
993,0.45,0.343,0.207,149
994,0.454,0.342,0.204,160
995,0.45,0.344,0.205,160
996,0.45,0.342,0.208,157
997,0.455,0.343,0.203,151
998,0.456,0.34,0.204,153
999,0.463,0.341,0.195,168
1000,0.469,0.339,0.192,180
1001,0.47,0.34,0.19,199
1002,0.477,0.335,0.188,215
1003,0.481,0.332,0.187,212
1004,0.476,0.337,0.187,204
1005,0.482,0.33,0.188,195
1006,0.482,0.33,0.188,215
1007,0.479,0.333,0.187,217
1008,0.471,0.338,0.19,209
1009,0.47,0.335,0.195,202
1010,0.472,0.335,0.193,200
1011,0.467,0.34,0.193,198
1012,0.465,0.341,0.195,190
1013,0.469,0.34,0.191,169
1014,0.471,0.342,0.187,160
1015,0.471,0.338,0.191,163
1016,0.472,0.34,0.189,163
1017,0.472,0.337,0.19,167
1018,0.472,0.335,0.193,166
1019,0.469,0.338,0.194,166
1020,0.468,0.34,0.192,161
1021,0.469,0.344,0.187,161
1022,0.476,0.341,0.183,165
1023,0.479,0.339,0.182,164
